version https://git-lfs.github.com/spec/v1
oid sha256:72d7d230b0fdc410af96c9433015da5e785fea289a6e8f6ea9739a675c911320
size 29894
