version https://git-lfs.github.com/spec/v1
oid sha256:2b4d553e2e21ad20839df523d2f5312a27a24e3f6a24ffe26353df7015a58dfb
size 33542
